D{0-1}KP 动态规划求解结果
================================================================================
实例名称: IDKP9
dimension: 2700
组数: 900
capacity: 454989
是否排序后求解: False
最优总价值: 528144
总重量: 454989
选中组数: 446
求解时间(秒): 6.049415
================================================================================

排序后序号       原始组号      选中项     重量        价值        价值重量比         
--------------------------------------------------------------------------------
2           2         3       1169      1434      1.226689      
7           7         3       878       889       1.012528      
10          10        3       1218      1384      1.136289      
11          11        3       970       1310      1.350515      
12          12        3       1348      1424      1.056380      
14          14        3       1052      1203      1.143536      
15          15        3       1346      1454      1.080238      
16          16        3       1714      1926      1.123687      
20          20        3       490       569       1.161224      
21          21        3       490       535       1.091837      
22          22        3       1541      1759      1.141467      
23          23        3       782       867       1.108696      
29          29        3       748       920       1.229947      
30          30        3       1737      1705      0.981577      
31          31        3       1336      1430      1.070359      
33          33        3       797       908       1.139272      
34          34        3       1163      1241      1.067068      
35          35        3       488       519       1.063525      
36          36        3       402       426       1.059701      
38          38        3       809       928       1.147095      
39          39        3       1116      1268      1.136201      
42          42        3       954       1040      1.090147      
44          44        3       1034      1278      1.235977      
45          45        3       1250      1319      1.055200      
48          48        3       693       908       1.310245      
51          51        3       1162      1148      0.987952      
52          52        3       1298      1333      1.026965      
61          61        3       704       727       1.032670      
62          62        3       1604      1853      1.155237      
63          63        3       1123      1169      1.040962      
67          67        3       1216      1813      1.490954      
68          68        3       1012      1033      1.020751      
69          69        3       1148      1511      1.316202      
70          70        3       1548      1600      1.033592      
71          71        3       1157      1347      1.164218      
72          72        3       776       822       1.059278      
73          73        3       559       573       1.025045      
76          76        3       967       1523      1.574974      
78          78        3       1094      1396      1.276051      
79          79        3       1310      1518      1.158779      
80          80        3       535       625       1.168224      
81          81        3       1084      1193      1.100554      
82          82        3       1029      1251      1.215743      
84          84        3       1244      1448      1.163987      
85          85        3       437       447       1.022883      
87          87        3       1320      1329      1.006818      
89          89        3       1147      1135      0.989538      
92          92        3       1257      1412      1.123309      
93          93        3       1366      1434      1.049780      
99          99        3       830       1152      1.387952      
100         100       3       1697      1688      0.994697      
109         109       3       780       885       1.134615      
114         114       3       1219      1449      1.188679      
115         115       3       399       425       1.065163      
117         117       3       675       688       1.019259      
118         118       3       500       511       1.022000      
119         119       3       1266      1361      1.075039      
120         120       3       1092      1295      1.185897      
122         122       3       1228      1399      1.139251      
126         126       3       1186      1397      1.177909      
127         127       3       1388      1829      1.317723      
130         130       3       954       1454      1.524109      
131         131       3       935       933       0.997861      
133         133       3       706       698       0.988669      
135         135       3       927       964       1.039914      
136         136       3       1235      1778      1.439676      
137         137       3       985       998       1.013198      
138         138       3       1124      1300      1.156584      
140         140       3       1323      1843      1.393046      
141         141       3       1579      1668      1.056365      
142         142       3       1081      1066      0.986124      
143         143       3       1057      1332      1.260170      
144         144       3       669       913       1.364723      
146         146       3       933       1063      1.139335      
147         147       3       909       1124      1.236524      
149         149       3       727       869       1.195323      
150         150       3       1162      1790      1.540448      
155         155       3       599       753       1.257095      
158         158       3       550       712       1.294545      
161         161       3       1196      1531      1.280100      
162         162       3       1606      1620      1.008717      
165         165       3       1381      1432      1.036930      
166         166       3       686       821       1.196793      
167         167       3       815       877       1.076074      
168         168       3       708       708       1.000000      
170         170       3       1048      1314      1.253817      
172         172       3       1023      1167      1.140762      
175         175       3       897       1297      1.445931      
177         177       3       1538      1679      1.091678      
178         178       3       1513      1805      1.192994      
181         181       3       908       1109      1.221366      
184         184       3       734       793       1.080381      
185         185       3       884       1240      1.402715      
186         186       3       740       787       1.063514      
187         187       3       830       1239      1.492771      
188         188       3       962       1020      1.060291      
190         190       3       491       491       1.000000      
191         191       3       1068      1670      1.563670      
192         192       3       1179      1474      1.250212      
195         195       3       1200      1571      1.309167      
196         196       3       544       648       1.191176      
197         197       3       944       1267      1.342161      
200         200       3       1078      1541      1.429499      
202         202       3       1603      1888      1.177792      
203         203       3       775       1078      1.390968      
204         204       3       783       1074      1.371648      
205         205       3       1003      1174      1.170489      
206         206       3       525       520       0.990476      
208         208       3       684       783       1.144737      
211         211       3       1092      1334      1.221612      
212         212       3       1186      1453      1.225126      
213         213       3       1008      1529      1.516865      
215         215       3       580       815       1.405172      
216         216       3       1348      1414      1.048961      
219         219       3       818       1104      1.349633      
221         221       3       1094      1247      1.139854      
222         222       3       1244      1388      1.115756      
226         226       3       1621      1590      0.980876      
228         228       3       1056      1205      1.141098      
230         230       3       884       1393      1.575792      
232         232       3       537       534       0.994413      
234         234       3       1344      1692      1.258929      
236         236       3       973       956       0.982528      
237         237       3       919       984       1.070729      
239         239       3       817       812       0.993880      
240         240       3       605       634       1.047934      
242         242       3       761       895       1.176084      
243         243       3       618       715       1.156958      
244         244       3       1078      1270      1.178108      
245         245       3       502       784       1.561753      
249         249       3       1044      1529      1.464559      
251         251       3       1166      1476      1.265866      
255         255       3       1035      1108      1.070531      
257         257       3       765       835       1.091503      
265         265       3       1077      1098      1.019499      
268         268       3       826       902       1.092010      
270         270       3       737       826       1.120760      
273         273       3       986       1125      1.140974      
274         274       3       523       666       1.273423      
276         276       3       383       494       1.289817      
280         280       3       857       846       0.987165      
281         281       3       674       688       1.020772      
282         282       3       1028      1256      1.221790      
283         283       3       989       1181      1.194135      
284         284       3       1063      1238      1.164628      
287         287       3       1412      1912      1.354108      
288         288       3       1299      1470      1.131640      
290         290       3       1204      1255      1.042359      
291         291       3       1279      1734      1.355747      
292         292       3       1564      1836      1.173913      
295         295       3       986       1022      1.036511      
296         296       3       1405      1733      1.233452      
298         298       3       792       916       1.156566      
302         302       3       1253      1347      1.075020      
304         304       3       1022      1109      1.085127      
306         306       3       427       486       1.138173      
310         310       3       1777      1818      1.023073      
312         312       3       1067      1098      1.029053      
314         314       3       971       996       1.025747      
316         316       3       1416      1516      1.070621      
318         318       3       1355      1472      1.086347      
319         319       3       990       1025      1.035354      
325         325       3       844       1064      1.260664      
326         326       3       717       1059      1.476987      
331         331       3       993       1180      1.188318      
332         332       3       1074      1739      1.619181      
333         333       3       1304      1802      1.381902      
336         336       3       1122      1195      1.065062      
338         338       3       862       943       1.093968      
339         339       3       1080      1396      1.292593      
340         340       3       1019      1047      1.027478      
343         343       3       675       1003      1.485926      
346         346       3       894       1246      1.393736      
349         349       3       523       566       1.082218      
351         351       3       1190      1343      1.128571      
353         353       3       1446      1488      1.029046      
354         354       3       1059      1257      1.186969      
355         355       3       1415      1402      0.990813      
356         356       3       935       991       1.059893      
357         357       3       939       1058      1.126731      
358         358       3       626       654       1.044728      
362         362       3       804       1222      1.519900      
366         366       3       968       1575      1.627066      
367         367       3       1080      1089      1.008333      
369         369       3       1032      1183      1.146318      
370         370       3       868       1214      1.398618      
373         373       3       534       649       1.215356      
374         374       3       994       1063      1.069416      
375         375       3       996       1261      1.266064      
376         376       3       592       626       1.057432      
377         377       3       839       1270      1.513707      
380         380       3       974       1018      1.045175      
382         382       3       1452      1711      1.178375      
383         383       3       1304      1391      1.066718      
384         384       3       642       643       1.001558      
385         385       3       1068      1121      1.049625      
387         387       3       997       1260      1.263791      
389         389       3       932       1148      1.231760      
392         392       3       644       840       1.304348      
398         398       3       1016      1223      1.203740      
402         402       3       574       702       1.222997      
403         403       3       866       887       1.024249      
405         405       3       1383      1564      1.130875      
407         407       3       565       579       1.024779      
408         408       3       1397      1660      1.188261      
409         409       3       1006      1024      1.017893      
410         410       3       936       980       1.047009      
412         412       3       1029      1052      1.022352      
415         415       3       1259      1270      1.008737      
416         416       3       910       918       1.008791      
417         417       3       751       983       1.308921      
420         420       3       653       800       1.225115      
421         421       3       639       818       1.280125      
422         422       3       589       695       1.179966      
425         425       3       1170      1191      1.017949      
427         427       3       1275      1523      1.194510      
428         428       3       1103      1109      1.005440      
430         430       3       1226      1249      1.018760      
432         432       3       853       974       1.141852      
433         433       3       1016      1132      1.114173      
437         437       3       492       669       1.359756      
439         439       3       1256      1360      1.082803      
440         440       3       1057      1125      1.064333      
442         442       3       825       1077      1.305455      
444         444       3       1215      1336      1.099588      
445         445       3       1256      1317      1.048567      
449         449       3       447       507       1.134228      
450         450       3       1065      1161      1.090141      
452         452       3       716       746       1.041899      
453         453       3       1005      1557      1.549254      
454         454       3       973       1302      1.338129      
456         456       3       1084      1212      1.118081      
457         457       3       819       1232      1.504274      
460         460       3       1041      1622      1.558117      
464         464       3       806       911       1.130273      
467         467       3       1297      1440      1.110254      
469         469       3       1071      1068      0.997199      
473         473       3       579       819       1.414508      
475         475       3       1023      1005      0.982405      
477         477       3       937       981       1.046958      
478         478       3       1210      1478      1.221488      
479         479       3       1379      1346      0.976070      
480         480       3       1416      1585      1.119350      
481         481       3       1337      1429      1.068811      
483         483       3       1231      1649      1.339561      
484         484       3       1003      1094      1.090728      
485         485       3       371       391       1.053908      
486         486       3       748       734       0.981283      
487         487       3       595       824       1.384874      
488         488       3       729       812       1.113855      
489         489       3       751       832       1.107856      
490         490       3       1186      1301      1.096965      
494         494       3       1120      1592      1.421429      
496         496       3       1481      1762      1.189737      
497         497       3       1139      1352      1.187006      
499         499       3       860       1184      1.376744      
500         500       3       587       572       0.974446      
502         502       3       1202      1259      1.047421      
504         504       3       1177      1327      1.127443      
507         507       3       771       1145      1.485084      
508         508       3       1433      1542      1.076064      
510         510       3       1310      1316      1.004580      
512         512       3       940       1041      1.107447      
514         514       3       875       978       1.117714      
515         515       3       1246      1632      1.309791      
516         516       3       1107      1164      1.051491      
517         517       3       915       1038      1.134426      
518         518       3       1711      1921      1.122735      
520         520       3       1427      1654      1.159075      
525         525       3       1147      1297      1.130776      
527         527       3       1065      1220      1.145540      
529         529       3       841       1186      1.410226      
531         531       3       522       646       1.237548      
532         532       3       1096      1902      1.735401      
535         535       3       745       933       1.252349      
539         539       3       906       930       1.026490      
542         542       3       1123      1115      0.992876      
544         544       3       1240      1282      1.033871      
545         545       3       1288      1569      1.218168      
547         547       3       1162      1333      1.147160      
548         548       3       997       1043      1.046138      
551         551       3       941       945       1.004251      
552         552       3       929       1114      1.199139      
556         556       3       1354      1570      1.159527      
558         558       3       827       855       1.033857      
559         559       3       1532      1496      0.976501      
561         561       3       773       1049      1.357050      
563         563       3       1173      1170      0.997442      
566         566       3       932       1027      1.101931      
568         568       3       1089      1165      1.069789      
569         569       3       1152      1633      1.417535      
570         570       3       1218      1650      1.354680      
573         573       3       940       966       1.027660      
574         574       3       1057      1299      1.228950      
576         576       3       822       804       0.978102      
580         580       3       741       820       1.106613      
581         581       3       1278      1796      1.405321      
582         582       3       1329      1713      1.288939      
589         589       3       1306      1394      1.067381      
591         591       3       1419      1688      1.189570      
592         592       3       902       955       1.058758      
593         593       3       1155      1526      1.321212      
595         595       3       817       867       1.061200      
596         596       3       1401      1535      1.095646      
601         601       3       1271      1507      1.185681      
603         603       3       824       1350      1.638350      
604         604       3       979       1229      1.255363      
605         605       3       670       684       1.020896      
610         610       3       1690      1865      1.103550      
611         611       3       631       639       1.012678      
613         613       3       1482      1652      1.114710      
615         615       3       806       816       1.012407      
616         616       3       589       853       1.448217      
618         618       3       1238      1331      1.075121      
619         619       3       862       1074      1.245940      
621         621       3       1010      1019      1.008911      
622         622       3       1389      1587      1.142549      
623         623       3       1751      1854      1.058824      
624         624       3       962       1155      1.200624      
625         625       3       958       969       1.011482      
626         626       3       563       773       1.373002      
630         630       3       1026      1207      1.176413      
632         632       3       1155      1274      1.103030      
634         634       3       1425      1486      1.042807      
637         637       3       1200      1191      0.992500      
639         639       3       868       1290      1.486175      
640         640       3       516       501       0.970930      
644         644       3       1115      1114      0.999103      
646         646       3       902       1231      1.364745      
647         647       3       935       1605      1.716578      
650         650       3       816       894       1.095588      
654         654       3       841       999       1.187872      
658         658       3       544       592       1.088235      
661         661       3       1789      1759      0.983231      
663         663       3       320       319       0.996875      
665         665       3       1272      1353      1.063679      
668         668       3       673       777       1.154532      
669         669       3       1116      1400      1.254480      
670         670       3       620       726       1.170968      
672         672       3       1144      1508      1.318182      
673         673       3       1543      1531      0.992223      
682         682       3       1351      1739      1.287195      
683         683       3       1243      1418      1.140788      
684         684       3       698       752       1.077364      
687         687       3       1302      1474      1.132104      
688         688       3       1501      1561      1.039973      
689         689       3       1480      1550      1.047297      
691         691       3       1290      1815      1.406977      
692         692       3       779       1137      1.459564      
694         694       3       1226      1587      1.294454      
696         696       3       1700      1821      1.071176      
701         701       3       412       527       1.279126      
702         702       3       703       782       1.112376      
704         704       3       1555      1533      0.985852      
705         705       3       676       731       1.081361      
711         711       3       1202      1500      1.247920      
713         713       3       994       978       0.983903      
719         719       3       1603      1706      1.064255      
721         721       3       551       553       1.003630      
722         722       3       1446      1871      1.293914      
724         724       3       1570      1577      1.004459      
725         725       3       801       800       0.998752      
728         728       3       900       990       1.100000      
729         729       3       749       852       1.137517      
731         731       3       727       794       1.092160      
735         735       3       982       1120      1.140530      
738         738       3       786       912       1.160305      
739         739       3       1068      1275      1.193820      
743         743       3       1295      1682      1.298842      
744         744       3       1047      1065      1.017192      
745         745       3       515       644       1.250485      
747         747       3       1422      1464      1.029536      
750         750       3       1094      1518      1.387569      
751         751       3       1084      1172      1.081181      
752         752       3       945       1057      1.118519      
753         753       3       1478      1685      1.140054      
754         754       3       1383      1453      1.050615      
758         758       3       630       693       1.100000      
762         762       3       1438      1588      1.104312      
766         766       3       1474      1514      1.027137      
767         767       3       844       862       1.021327      
768         768       3       1737      1849      1.064479      
769         769       3       979       989       1.010215      
770         770       3       1039      1067      1.026949      
772         772       3       1050      1110      1.057143      
774         774       3       1088      1371      1.260110      
775         775       3       1097      1282      1.168642      
776         776       3       847       1047      1.236128      
778         778       3       892       1411      1.581839      
781         781       3       591       594       1.005076      
783         783       3       1448      1454      1.004144      
792         792       3       1155      1384      1.198268      
793         793       3       1254      1356      1.081340      
794         794       3       1281      1308      1.021077      
796         796       3       1087      1170      1.076357      
797         797       3       900       1035      1.150000      
798         798       3       740       958       1.294595      
801         801       3       1015      1033      1.017734      
807         807       3       1100      1554      1.412727      
808         808       3       805       822       1.021118      
812         812       3       940       994       1.057447      
814         814       3       1101      1647      1.495913      
817         817       3       1199      1565      1.305254      
819         819       3       829       863       1.041013      
820         820       3       623       722       1.158909      
821         821       3       948       1072      1.130802      
822         822       3       1328      1765      1.329066      
823         823       3       1108      1291      1.165162      
825         825       3       1454      1848      1.270977      
826         826       3       892       1248      1.399103      
827         827       3       1249      1235      0.988791      
828         828       3       712       701       0.984551      
829         829       3       1116      1283      1.149642      
830         830       3       1026      1239      1.207602      
834         834       3       1052      1285      1.221483      
837         837       3       807       1050      1.301115      
842         842       3       968       1130      1.167355      
843         843       3       1339      1316      0.982823      
844         844       3       920       1016      1.104348      
845         845       3       1211      1291      1.066061      
847         847       3       1148      1201      1.046167      
848         848       3       1143      1731      1.514436      
849         849       3       1102      1504      1.364791      
853         853       3       853       883       1.035170      
854         854       3       938       1029      1.097015      
855         855       3       1228      1486      1.210098      
856         856       3       947       1231      1.299894      
857         857       3       613       627       1.022838      
862         862       3       1374      1619      1.178311      
863         863       3       1453      1878      1.292498      
865         865       3       1004      1415      1.409363      
873         873       3       944       946       1.002119      
874         874       3       1248      1343      1.076122      
876         876       3       1061      1288      1.213949      
877         877       3       667       683       1.023988      
880         880       3       625       891       1.425600      
881         881       3       1554      1594      1.025740      
882         882       3       627       839       1.338118      
885         885       3       819       1095      1.336996      
886         886       3       475       489       1.029474      
887         887       3       1324      1400      1.057402      
891         891       3       771       884       1.146563      
892         892       3       981       1229      1.252803      
894         894       3       1087      1129      1.038638      
896         896       3       828       851       1.027778      
897         897       3       576       714       1.239583      